{
 "cells": [
  {
   "cell_type": "code",
   "execution_count": 1,
   "metadata": {},
   "outputs": [],
   "source": [
    "from graphs import TransformationGraph, TestTransformationGraph\n",
    "import numpy as np\n",
    "import quaternion\n",
    "import matplotlib.pyplot as plt\n",
    "import scipy\n",
    "import scipy.optimize\n",
    "\n",
    "CAMERA = 0\n",
    "HEADSET = 1\n",
    "WORLD = 2\n",
    "\n",
    "# Problem 1:\n",
    "# We have a camera origin, a headset origin, and a world origin.\n",
    "# Camera to headset is unknown\n",
    "# Camera to world is known\n",
    "# Headset to world is known\n",
    "\n",
    "# The solution is simple as its a loop.\n",
    "\n",
    "G = TestTransformationGraph(3, [\n",
    "    (CAMERA, HEADSET, \"non-rigid-unknown\", 1),\n",
    "    (CAMERA, WORLD, \"rigid-known\", 1),\n",
    "    (HEADSET, WORLD, \"rigid-known\", 1),\n",
    "], 1)"
   ]
  },
  {
   "cell_type": "code",
   "execution_count": 2,
   "metadata": {},
   "outputs": [],
   "source": [
    "d = G.to_dict()"
   ]
  },
  {
   "cell_type": "code",
   "execution_count": 3,
   "metadata": {},
   "outputs": [
    {
     "data": {
      "text/plain": [
       "{'world_transforms': {0: {0: [[-0.7325320656785225,\n",
       "     0.0641948206680969,\n",
       "     -0.677698899034186,\n",
       "     0.023327358183840297],\n",
       "    [0.6672229782348987,\n",
       "     0.2650609208561235,\n",
       "     -0.6961007150910392,\n",
       "     0.32803970375081615],\n",
       "    [0.13494543366897918,\n",
       "     -0.9620923725060369,\n",
       "     -0.2369978833188104,\n",
       "     -0.6223512193792988],\n",
       "    [0.0, 0.0, 0.0, 1.0]]},\n",
       "  1: {0: [[-0.30886837603655776,\n",
       "     -0.931333439870727,\n",
       "     0.19292057967748813,\n",
       "     1.2687657972244526],\n",
       "    [0.5953142521807945,\n",
       "     -0.34749896334107555,\n",
       "     -0.724462153343637,\n",
       "     0.8975928107739958],\n",
       "    [0.7417555307747701,\n",
       "     -0.10891507818220761,\n",
       "     0.6617675107691541,\n",
       "     0.7515191735322694],\n",
       "    [0.0, 0.0, 0.0, 1.0]]},\n",
       "  2: {0: [[-0.41935069406975023,\n",
       "     -0.4187285519613697,\n",
       "     -0.8054882961009135,\n",
       "     -0.15400358250248825],\n",
       "    [-0.5246721953436163,\n",
       "     0.8358702274707656,\n",
       "     -0.16136929776534573,\n",
       "     1.029608801406907],\n",
       "    [0.7408536176712162,\n",
       "     0.35494698561940935,\n",
       "     -0.5702179886527309,\n",
       "     -0.5446946526078997],\n",
       "    [0.0, 0.0, 0.0, 1.0]]}},\n",
       " 'local_transforms': {0: {0: {},\n",
       "   1: {0: [[None, None, None, None],\n",
       "     [None, None, None, None],\n",
       "     [None, None, None, None],\n",
       "     [None, None, None, None]]},\n",
       "   2: {0: [[0.05708929811830042,\n",
       "      0.9123423886216729,\n",
       "      0.4054283882074118,\n",
       "      0.6084830221455495],\n",
       "     [-0.8787598525532131,\n",
       "      -0.1468154596005971,\n",
       "      0.4541215061664886,\n",
       "      0.0998620325668905],\n",
       "     [0.4738374548102066,\n",
       "      -0.3821996686895023,\n",
       "      0.793348271361714,\n",
       "      -0.38659020924698567],\n",
       "     [0.0, 0.0, 0.0, 1.0]]}},\n",
       "  1: {0: {0: [[None, None, None, None],\n",
       "     [None, None, None, None],\n",
       "     [None, None, None, None],\n",
       "     [None, None, None, None]]},\n",
       "   1: {},\n",
       "   2: {0: [[0.3667116006582082,\n",
       "      0.8902213569464267,\n",
       "      -0.2702379277214018,\n",
       "      -0.44343430607585776],\n",
       "     [0.49218823870571854,\n",
       "      0.06085278644723407,\n",
       "      0.8683591860868233,\n",
       "      1.4203745108893664],\n",
       "     [0.78947662386068,\n",
       "      -0.4514453167528379,\n",
       "      -0.4158410590110992,\n",
       "      -1.2279142794833553],\n",
       "     [0.0, 0.0, 0.0, 1.0]]}},\n",
       "  2: {0: {0: [[0.05708929811830045,\n",
       "      -0.8787598525532134,\n",
       "      0.47383745481020667,\n",
       "      0.2361977971670901],\n",
       "     [0.9123423886216733,\n",
       "      -0.14681545960059728,\n",
       "      -0.38219966868950245,\n",
       "      -0.6882382135448507],\n",
       "     [0.4054283882074118,\n",
       "      0.4541215061664888,\n",
       "      0.7933482713617143,\n",
       "      0.014654886673291234],\n",
       "     [0.0, 0.0, 0.0, 1.0]]},\n",
       "   1: {0: [[0.36671160065820824,\n",
       "      0.49218823870571854,\n",
       "      0.7894766238606798,\n",
       "      0.43293049510754467],\n",
       "     [0.8902213569464267,\n",
       "      0.06085278644723415,\n",
       "      -0.4514453167528378,\n",
       "      -0.24601520796149395],\n",
       "     [-0.27023792772140176,\n",
       "      0.868359186086823,\n",
       "      -0.4158410590110992,\n",
       "      -1.8638451965240863],\n",
       "     [0.0, 0.0, 0.0, 1.0]]},\n",
       "   2: {}}},\n",
       " 'edges': {0: {0: {'type': None, 'noise': None},\n",
       "   1: {'type': 'non-rigid-unknown', 'noise': 1.0},\n",
       "   2: {'type': 'rigid-known', 'noise': 1.0}},\n",
       "  1: {0: {'type': 'non-rigid-unknown', 'noise': 1.0},\n",
       "   1: {'type': None, 'noise': None},\n",
       "   2: {'type': 'rigid-known', 'noise': 1.0}},\n",
       "  2: {0: {'type': 'rigid-known', 'noise': 1.0},\n",
       "   1: {'type': 'rigid-known', 'noise': 1.0},\n",
       "   2: {'type': None, 'noise': None}}}}"
      ]
     },
     "execution_count": 3,
     "metadata": {},
     "output_type": "execute_result"
    }
   ],
   "source": [
    "d"
   ]
  },
  {
   "cell_type": "code",
   "execution_count": null,
   "metadata": {},
   "outputs": [],
   "source": []
  }
 ],
 "metadata": {
  "kernelspec": {
   "display_name": "Python 3",
   "language": "python",
   "name": "python3"
  },
  "language_info": {
   "codemirror_mode": {
    "name": "ipython",
    "version": 3
   },
   "file_extension": ".py",
   "mimetype": "text/x-python",
   "name": "python",
   "nbconvert_exporter": "python",
   "pygments_lexer": "ipython3",
   "version": "3.10.6"
  },
  "orig_nbformat": 4,
  "vscode": {
   "interpreter": {
    "hash": "916dbcbb3f70747c44a77c7bcd40155683ae19c65e1c03b4aa3499c5328201f1"
   }
  }
 },
 "nbformat": 4,
 "nbformat_minor": 2
}
