{
 "cells": [
  {
   "cell_type": "code",
   "execution_count": 1,
   "metadata": {},
   "outputs": [],
   "source": [
    "from graphs import TransformationGraph, TestTransformationGraph\n",
    "import numpy as np\n",
    "import quaternion\n",
    "import matplotlib.pyplot as plt\n",
    "import scipy\n",
    "import scipy.optimize\n",
    "\n",
    "CAMERA = 0\n",
    "HEADSET = 1\n",
    "WORLD = 2\n",
    "\n",
    "# Problem 1:\n",
    "# We have a camera origin, a headset origin, and a world origin.\n",
    "# Camera to headset is unknown\n",
    "# Camera to world is known\n",
    "# Headset to world is known\n",
    "\n",
    "# The solution is simple as its a loop.\n",
    "\n",
    "G = TestTransformationGraph(3, [\n",
    "    (CAMERA, HEADSET, \"non-rigid-unknown\", 1),\n",
    "    (CAMERA, WORLD, \"rigid-known\", 1),\n",
    "    (HEADSET, WORLD, \"rigid-known\", 1),\n",
    "], 1)"
   ]
  },
  {
   "cell_type": "code",
   "execution_count": 3,
   "metadata": {},
   "outputs": [],
   "source": [
    "d = G.to_dict()"
   ]
  },
  {
   "cell_type": "code",
   "execution_count": 5,
   "metadata": {},
   "outputs": [
    {
     "data": {
      "text/plain": [
       "{'world_transforms': {0: {0: [[0.12553257652446836,\n",
       "     0.1684366871580921,\n",
       "     -0.9776863784723278,\n",
       "     0.02337578912077312],\n",
       "    [-0.8871792628011764,\n",
       "     -0.4220045013993745,\n",
       "     -0.1866149952555438,\n",
       "     -0.9287188054125497],\n",
       "    [-0.44402086424704174,\n",
       "     0.8908093416763614,\n",
       "     0.09645822357600152,\n",
       "     0.89364830511344],\n",
       "    [0.0, 0.0, 0.0, 1.0]]},\n",
       "  1: {0: [[0.17310047405804152,\n",
       "     -0.25475363006169705,\n",
       "     -0.9513867845683317,\n",
       "     0.6192157103795768],\n",
       "    [0.40660847822029045,\n",
       "     0.8982920951749535,\n",
       "     -0.16655586806105643,\n",
       "     -1.0113871015898135],\n",
       "    [0.89705394002828,\n",
       "     -0.3580110329537072,\n",
       "     0.2590797733578573,\n",
       "     0.7712725651212553],\n",
       "    [0.0, 0.0, 0.0, 1.0]]},\n",
       "  2: {0: [[-0.935253039697287,\n",
       "     -0.34090864899332135,\n",
       "     -0.09530500919958738,\n",
       "     0.21573147520227232],\n",
       "    [-0.24509997809863657,\n",
       "     0.4294115798913313,\n",
       "     0.8692132625491162,\n",
       "     -0.7943069505078164],\n",
       "    [-0.2553972444507437,\n",
       "     0.8362936016117661,\n",
       "     -0.48516518777648066,\n",
       "     -0.07268379317466196],\n",
       "    [0.0, 0.0, 0.0, 1.0]]}},\n",
       " 'local_transforms': {0: {0: {},\n",
       "   1: {0: [[nan, nan, nan, nan],\n",
       "     [nan, nan, nan, nan],\n",
       "     [nan, nan, nan, nan],\n",
       "     [nan, nan, nan, nan]]},\n",
       "   2: {0: [[0.21344459931392365,\n",
       "      -0.7950919977058143,\n",
       "      -0.5676883988667515,\n",
       "      0.33397110796836266],\n",
       "     [-0.2816078808057577,\n",
       "      0.5063430095727957,\n",
       "      -0.8150544510183685,\n",
       "      -0.8851403136084085],\n",
       "     [0.9354883240809628,\n",
       "      0.33383449767952506,\n",
       "      -0.11582799172587897,\n",
       "      -0.30635747935425667],\n",
       "     [0.0, 0.0, 0.0, 1.0]]}},\n",
       "  1: {0: {0: [[nan, nan, nan, nan],\n",
       "     [nan, nan, nan, nan],\n",
       "     [nan, nan, nan, nan],\n",
       "     [nan, nan, nan, nan]]},\n",
       "   1: {},\n",
       "   2: {0: [[-0.4906575780492432,\n",
       "      0.8657914106248298,\n",
       "      -0.09828720359801695,\n",
       "      -0.7386510589221273],\n",
       "     [0.1095227653349022,\n",
       "      0.17318240747784389,\n",
       "      0.978781189854798,\n",
       "      0.5999361449217988],\n",
       "     [0.8644419616008047,\n",
       "      0.46948172171922237,\n",
       "      -0.17979713010865309,\n",
       "      0.12906157409583222],\n",
       "     [0.0, 0.0, 0.0, 1.0]]}},\n",
       "  2: {0: {0: [[0.21344459931392368,\n",
       "      -0.28160788080575755,\n",
       "      0.935488324080963,\n",
       "      -0.03395297232295994],\n",
       "     [-0.7950919977058145,\n",
       "      0.5063430095727959,\n",
       "      0.33383449767952533,\n",
       "      0.8159950609278734],\n",
       "     [-0.5676883988667514,\n",
       "      -0.8150544510183684,\n",
       "      -0.11582799172587911,\n",
       "      -0.567330800415819],\n",
       "     [0.0, 0.0, 0.0, 1.0]]},\n",
       "   1: {0: [[-0.49065757804924315,\n",
       "      0.10952276533490209,\n",
       "      0.8644419616008043,\n",
       "      -0.5396976454891246],\n",
       "     [0.8657914106248299,\n",
       "      0.1731824074778438,\n",
       "      0.4694817217192223,\n",
       "      0.4750273063388751],\n",
       "     [-0.09828720359801696,\n",
       "      0.9787811898547979,\n",
       "      -0.1797971301086532,\n",
       "      -0.6366012601498928],\n",
       "     [0.0, 0.0, 0.0, 1.0]]},\n",
       "   2: {}}},\n",
       " 'edges': {0: {0: {'type': None, 'noise': nan},\n",
       "   1: {'type': 'non-rigid-unknown', 'noise': 1.0},\n",
       "   2: {'type': 'rigid-known', 'noise': 1.0}},\n",
       "  1: {0: {'type': 'non-rigid-unknown', 'noise': 1.0},\n",
       "   1: {'type': None, 'noise': nan},\n",
       "   2: {'type': 'rigid-known', 'noise': 1.0}},\n",
       "  2: {0: {'type': 'rigid-known', 'noise': 1.0},\n",
       "   1: {'type': 'rigid-known', 'noise': 1.0},\n",
       "   2: {'type': None, 'noise': nan}}}}"
      ]
     },
     "execution_count": 5,
     "metadata": {},
     "output_type": "execute_result"
    }
   ],
   "source": [
    "d"
   ]
  },
  {
   "cell_type": "code",
   "execution_count": null,
   "metadata": {},
   "outputs": [],
   "source": []
  }
 ],
 "metadata": {
  "kernelspec": {
   "display_name": "Python 3",
   "language": "python",
   "name": "python3"
  },
  "language_info": {
   "codemirror_mode": {
    "name": "ipython",
    "version": 3
   },
   "file_extension": ".py",
   "mimetype": "text/x-python",
   "name": "python",
   "nbconvert_exporter": "python",
   "pygments_lexer": "ipython3",
   "version": "3.10.6"
  },
  "orig_nbformat": 4,
  "vscode": {
   "interpreter": {
    "hash": "916dbcbb3f70747c44a77c7bcd40155683ae19c65e1c03b4aa3499c5328201f1"
   }
  }
 },
 "nbformat": 4,
 "nbformat_minor": 2
}
